1 0 0.000000000000000e+00 1.2
0 0 7.942908222222215e+00 1
0 1 2.717697299999999e+01 1.1
1 1 3.902522566666669e+01 1.2
0 3 6.564857377777780e+01 1.1
1 2 7.802996422222218e+01 1.1
0 4 8.488437366666669e+01 1.1
1 3 1.170063010000000e+02 1.2
0 7 1.426208725555556e+02 1.1
1 4 1.559567340000000e+02 1.2
0 8 1.618661863333333e+02 1
0 9 1.811235844444445e+02 1.1
0 10 2.003754259999999e+02 1.1
0 11 2.196393518888889e+02 1.1
1 6 2.337655176666667e+02 1.1
0 12 2.388972351111111e+02 1
0 13 2.581670637777778e+02 1
1 7 2.726243544444444e+02 1.1
0 14 2.774306414444445e+02 1
0 15 2.967077617777778e+02 1.1
1 8 3.114591624444444e+02 1.3
0 16 3.159765477777778e+02 1
0 17 3.352567236666667e+02 1
1 9 3.502713325555555e+02 1.2
0 18 3.545291971666667e+02 0.97
0 19 3.738113105555556e+02 1.1
1 10 3.890712794444445e+02 1.2
0 20 3.930887076666667e+02 1.1
0 21 4.123736752222222e+02 1.1
1 11 4.278630328888889e+02 1.2
0 22 4.316505167777778e+02 1.1
0 23 4.509334010000000e+02 1
1 12 4.666528408888888e+02 1.2
0 24 4.702132981111112e+02 1
0 25 4.894970156666666e+02 1.1
1 13 5.054472332222223e+02 1.2
0 26 5.087719822222223e+02 1.2
0 27 5.280530608888888e+02 1
1 14 5.442560690000000e+02 1.1
0 28 5.473294163333334e+02 1.1
0 29 5.666045227777777e+02 1
0 31 6.051434846666666e+02 1
1 16 6.219303387777778e+02 1.4
0 32 6.244126873333333e+02 1
0 33 6.436750159999999e+02 1
1 17 6.608063977777778e+02 1.2
0 34 6.629377603333334e+02 1.1
0 35 6.821915473333332e+02 1.1
1 18 6.997153724444444e+02 1.1
0 36 7.014460972222222e+02 1.1
0 37 7.206954397777777e+02 1.1
1 19 7.386571953333333e+02 1.2
0 38 7.399427674444444e+02 1
0 39 7.591848173333334e+02 1.1
1 20 7.776290182222222e+02 1.2
0 40 7.784255487777777e+02 1
0 41 7.976633625555556e+02 1.1
0 43 8.361260744444445e+02 1.1
0 45 8.745828141111111e+02 1.1
1 23 8.946942071111110e+02 1.2
0 47 9.130307343333334e+02 1.1
0 48 9.322544518888889e+02 1.1
0 49 9.514735851111109e+02 1
0 50 9.706976498888889e+02 1
1 25 9.728104907777779e+02 1.1
0 52 1.009136611777778e+03 0.95
1 26 1.011878008111111e+03 1.1
0 54 1.047574532000000e+03 1.1
1 27 1.050950941111111e+03 1.2
0 55 1.066793526333334e+03 1.2
0 56 1.086012938333333e+03 1
1 28 1.090025472333333e+03 1.2
0 57 1.105232904888889e+03 1.1
0 58 1.124452247444444e+03 1.1
1 29 1.129098683111111e+03 1.3
0 59 1.143670755666667e+03 1.1
0 60 1.162889612111111e+03 1.1
1 30 1.168172658777778e+03 1.3
0 61 1.182111356444445e+03 0.99
0 62 1.201331768444445e+03 1.1
1 31 1.207246494555556e+03 1.2
0 63 1.220553054444444e+03 1
0 64 1.239772744222222e+03 1
1 32 1.246318109111111e+03 1.3
1 33 1.285392153222222e+03 1.2
0 67 1.297437367111111e+03 1
0 68 1.316660320777778e+03 1.1
1 34 1.324462795555556e+03 1.2
0 70 1.355103518777778e+03 1.1
1 35 1.363528575777778e+03 1.2
0 71 1.374326540888889e+03 0.99
0 72 1.393552362611111e+03 0.99
1 36 1.402597134777778e+03 1.2
0 73 1.412776336111111e+03 1.2
0 74 1.431999845333334e+03 1.1
1 37 1.441655623333333e+03 1.2
0 75 1.451226339666667e+03 1.1
